1000
10515
7118
23736
24671
3366
32457
9327
23680
12079
9388
8454
25912
15828
4506
21991
214
13431
26748
23332
9396
14938
23960
21947
23658
32007
14182
17689
28994
2543
20894
18908
9708
27473
22166
18909
23155
3165
8907
5486
11376
10394
1725
29152
26494
19077
23297
11593
23021
7547
6801
8067
25019
5848
30566
15480
17855
14945
7497
7069
12072
32223
5862
6333
22310
4109
2338
29176
15591
1716
14510
1803
30661
14357
3548
7634
31166
17287
2738
20491
22052
3425
26430
1628
24725
12826
18472
9368
14382
13487
17294
19262
4860
27717
10251
21058
23987
29968
14873
24848
931
10355
23450
18383
29415
24681
20913
32226
12512
2595
7382
27061
4834
19443
5930
21942
28460
17000
19719
13985
23070
6331
17372
9985
17318
105
9016
15348
2300
19490
29732
5934
20111
12770
27318
23104
13887
30814
28131
24346
17868
5025
20885
22991
4494
29943
30461
18329
32615
4618
18219
20253
13815
26443
15324
30192
3086
31123
27283
20313
3175
6922
17899
2137
24979
30537
2347
29928
15923
10939
539
642
5482
26953
11542
13282
14226
30774
22369
2574
10030
32583
15291
32403
14880
29992
19765
29458
23325
11019
9284
14843
32605
15250
16917
7321
9367
24815
7712
591
27436
30282
12800
7457
8355
10338
30594
16245
20053
6520
3324
16155
8297
31849
29664
2444
14595
27418
7568
19823
17337
31768
14964
23906
23879
23424
32587
12278
9091
27421
21694
8443
403
11729
9531
22527
3165
566
15616
30737
831
28804
28790
31947
18688
4022
31937
26767
26887
17896
22165
10256
31947
26628
23371
20244
1419
31901
6196
4729
3647
9755
7213
9078
10702
30745
1907
20516
8577
15371
19897
3389
26552
26916
24184
19747
8924
21367
10119
18468
25748
22108
9707
6652
24892
32277
30960
22683
15251
29873
11129
2089
14515
13873
10132
4168
28743
20458
2129
5785
19704
12074
15829
25217
28968
17182
14250
11821
21475
30195
2393
2259
10770
16700
15675
11835
28658
24980
18828
30591
9925
28036
23489
18703
6856
21415
28187
8695
17764
1035
23421
12389
8104
18651
25979
3941
30967
4667
24755
4592
9726
14708
31584
16165
7145
32593
21036
25558
19415
18889
18246
23878
21131
25821
20405
305
20580
19140
10988
18189
32143
14150
14494
5776
20091
2662
24787
24434
15501
15939
16956
24180
1814
29760
6851
13217
130
23907
7783
11732
15314
507
12359
28538
11852
11398
12796
20633
6512
31697
23852
8722
20783
24673
23388
13859
12888
2322
4102
21039
23891
766
18668
28098
2321
4256
18603
25296
579
31802
24467
29501
10954
26995
1718
18338
3439
27205
12607
19279
22997
23318
18438
2444
23723
18981
865
28709
18470
28200
5948
6949
24751
28724
25964
3553
25049
3292
10816
32056
12181
20637
22361
3866
10153
29562
4284
13127
10078
6115
38
31065
6521
28891
29344
2053
8301
4954
29778
6558
12495
30448
24220
8666
12298
27052
3171
217
27476
31548
10409
26467
31457
9045
19297
20594
25942
10070
22657
13296
6016
808
21848
22209
1094
22888
10274
23556
220
11976
30170
31638
12602
29874
4687
472
6349
10031
13946
31923
9068
520
28943
14809
14989
4395
1362
31309
15033
8271
11308
32549
23869
19931
27518
21391
27171
17668
30645
30738
18016
25398
21407
21270
12879
19638
8829
2727
19550
13445
24665
11126
11272
23431
29849
16672
10499
2788
21205
17331
8890
3503
7654
32367
23549
28102
319
21449
16119
30713
13441
694
7521
19310
23881
20773
16630
30787
17228
16333
24615
29046
2727
11050
19215
22018
26736
32194
25769
21835
1425
22445
15425
12988
982
20308
23336
11439
22852
12153
6828
19085
30125
22136
5703
22070
26241
6860
3607
1187
27879
22740
19854
4554
14860
3543
27243
21441
17851
9287
28649
2343
29487
21826
18998
26304
30757
17246
1574
10335
14901
12966
14633
10505
5729
480
9595
18007
18159
18706
28314
4892
23412
16708
29181
7496
30514
22918
6147
19212
18851
7477
12586
4927
30038
20347
13185
5377
22778
24597
27744
21150
28345
7513
31318
5045
13767
18295
9059
12953
23098
26879
23399
22775
3868
6307
3803
28601
20158
2111
1471
17963
30032
1302
29395
13404
27055
19806
778
15560
18558
24320
316
28979
17784
9113
25115
7896
14084
7620
19560
1475
10
31643
29031
8060
19462
12923
18832
14565
20827
2056
2439
25445
3561
11377
25422
326
12769
18934
26554
29020
11480
11687
7203
7656
4379
28014
6240
29371
16707
12111
16626
32415
7177
30191
29056
17394
6747
5715
11140
31892
5039
15083
7491
21764
7319
6095
5378
25285
13205
13384
13431
23047
12337
28050
30846
18051
10314
5856
26893
19367
16298
23201
1386
12275
5597
16642
16539
14243
17986
32692
8735
4750
11874
30447
24283
24910
28289
32695
32343
5537
22643
28510
24618
12815
16561
29770
13747
11469
26028
12280
17418
31202
24929
12865
566
136
22830
14812
26529
32725
24548
24101
32457
9882
15901
1564
4151
25228
5328
20657
31157
10913
3618
21055
1468
18621
4223
19286
22316
26254
10218
15549
15679
25012
6545
31927
960
11046
21925
12678
4984
13777
15208
21806
30442
14466
25480
9851
5952
18181
25771
11077
17796
1679
17995
10227
25619
345
5572
12350
17487
23950
20907
13624
3221
31591
8034
13452
14959
16020
32489
27911
5386
1759
28919
15447
9194
7180
17226
2579
32220
4355
30523
25596
1068
25137
30357
12163
24089
21291
2727
5259
18566
20372
18840
1391
3570
21314
28155
2119
15018
7580
19619
9575
24893
13382
23737
7977
817
30977
1547
22253
29172
22220
10663
861
15381
19023
6313
7158
31412
18810
27985
7620
4920
20074
31321
3436
16704
2444
17541
23152
31963
32516
14971
1967
4347
4944
7893
15659
30247
19240
22645
9999
17777
17065
7448
17905
22440
8115
10798
5204
25806
912
32746
9585
14284
16342
21141
8503
19045
21134
9767
16784
23913
28053
18456
13542
24875
3395
7028
2534
16948
25163
27438
2179
28217
4834
14006
7230
9547
5924
11469
13221
27470
13491
18585
14618
11692
23969
17652
2262
29003
30352
23050
2094
7356
18455
31011
16916
12981
8040
31421
11488
4289
25136
29406
32081
1590
6591
8104
10958
22375
14697
9774
2290
284
9260
4486
6728
20543
13715
18464
83
8664
20953
27477
11474
24380
